1.0671653377425583 0.038400636818387054
6.1754759190240724 0.10714643895651685
18.1898473111196 0.34618255513476015
83.70922416619665 1.6835381698908642
72.57742331404806 1.4647013512166487
58.85740723177826 1.1848369554854359
2.914758022268672 0.05576320321705472
45.83778117806361 0.920161638685577
17.613385858024795 0.34619565614360553
33.32752718816353 0.6746687425523662
65.95559172834449 1.3090115686492672
67.12256557298839 1.3590677228000618
98.96025931174013 1.9715670751684133
31.602715787447238 0.6505270904654213
96.66536294795144 1.9314102304296958
85.73757059791203 1.7080544198791479
70.87780319636289 1.4136525934039115
7.891196847396461 0.16606357632154323
57.038260660930426 1.1348698410034648
33.94659421468435 0.6800715151575201
63.10026203411852 1.2540326519200324
88.82396474458349 1.7719275067159803
58.35874587610927 1.1690324570089499
53.29739469816988 1.0608932160762963
3.6964297621669138 0.07403617542181147
28.081572243344574 0.5595313311841132
70.92950123063925 1.4211400090858841
36.01585481248339 0.7298338164007455
39.8650214549211 0.7995219154001557
34.811063040040224 0.6898167603984766
13.607857437458696 0.2677572860243414
80.75096078883125 1.620667998954077
68.73211895245163 1.3771846678124422
25.98922764859697 0.5057394256589202
33.46998718403927 0.6697035301162448
57.47186903751436 1.1440203526436676
2.092646816054432 0.03685471033101593
27.783354564489144 0.560140263828958
23.732055215522088 0.4751047262555289
41.5664727482576 0.8211672701097471
61.35500880677818 1.2326053150131708
76.37677784316855 1.540342591999155
65.29954105698492 1.3098976274138157
15.04282469703975 0.3016654115247752
52.12419321078481 1.0511189398424319
56.73893682249752 1.1267443615448356
9.352855272386362 0.19146272866335992
94.88892955498703 1.9066756929238917
26.57325191298941 0.5316048277293816
69.59341433007728 1.3912261314598051
58.594840476368596 1.1538792855424664
71.4308647500672 1.4230484620137709
51.2280191540347 1.0344509204179029
15.113029072875642 0.31836940110409195
47.415894031706586 0.9400026320681114
61.221638752714554 1.2171900753895073
54.17554945521298 1.0815308242463892
95.48054722245833 1.9080347045667116
3.140285073737309 0.06218675520387496
8.549226233780676 0.18880838318311757
41.368871847938514 0.8260818774175885
33.56214326027794 0.6649145988432212
39.749741453632154 0.8060419586447873
66.89390462460972 1.340577026764049
18.433007982718717 0.3708003986752281
30.000478909897407 0.6097251797206726
59.7332546333546 1.18960682836738
50.51018075220531 0.9899046212233337
23.217810593994873 0.46352076874127335
99.65769550287706 1.9919548883493214
22.3037384683878 0.43352487393828576
89.27748771823161 1.7887377498860157
5.793635341437568 0.11586573898989258
54.220520018623645 1.0919663539442472
10.067899860170183 0.20884394193398417
4.161798958136175 0.09185620820738781
59.620480724298275 1.1875190804453994
51.17581771820761 1.0220911607822853
49.437345853261824 0.9901396752932218
94.5445973416991 1.8947590547338398
31.757137433292282 0.6311221320770057
36.94121671693285 0.7421044185576388
21.387191969245706 0.43079302666999236
88.6878974070036 1.7787764172222371
72.5782349456303 1.4396600493240115
86.5970146956236 1.7382572190681769
63.755770880857355 1.2875006848837278
34.53375927723201 0.6684949796863902
95.38371689122238 1.8994500748336636
37.820703040393504 0.7580788160877244
61.82507644263653 1.2325841903822812
39.05497434249505 0.7993249021055698
90.80736962385714 1.814230506911358
46.907299211093836 0.9621037037123669
65.35068498662335 1.315994465384688
39.55707778358312 0.7997476259522075
57.139394916996665 1.1472986156241711
22.005927634450522 0.4418068370074487
53.2132223640995 1.0624595269587205
7.595160666861129 0.15409961773563058
20.61065851385684 0.41390790065389893
13.061191843266151 0.2544188526736113
70.923861332484 1.4250993291368195
11.906402476942024 0.25388646569310785
74.53108567048507 1.5012534556849333
94.24047875583182 1.874914554219343
72.19741621899574 1.4442393658159478
88.83039166561048 1.7525633581033453
89.11682115647837 1.7737082193358262
12.654285961394564 0.2392245492907202
68.06582864640032 1.3516202188552875
74.31639994872221 1.4807608181059146
86.79768449906423 1.7384898468671772
51.16153789018758 1.0209488010326153
53.636790300235944 1.062180225253822
78.59461880459617 1.5958897522083786
66.87854954790517 1.331478069352113
68.87444682347113 1.3582965134389346
6.510173002518576 0.11148402258835627
58.715446483536674 1.186277040668778
28.435394028298923 0.5760744274704451
61.15680807186452 1.215233016967773
58.385399266751975 1.1461040699605751
89.71214668227356 1.8070497358083735
15.840726232376657 0.31899092573561727
18.853494225250476 0.3792891149349969
30.113479227005303 0.6075885388216089
74.81755911499097 1.4928582340517051
36.66961390492494 0.7321014500699117
72.20660587814031 1.4484666174527498
89.0334652586282 1.7839173074527324
9.716788487886152 0.1960276643611288
22.873325457368914 0.4745936742610572
9.100911459811535 0.18379252030521992
61.821242205868856 1.2488690163744156
1.1758302646478005 0.04464315040128207
96.35797491469025 1.9283292176768556
34.22036951493252 0.6985577649663103
55.241346343286104 1.1124094303000205
7.242092529581553 0.13078520754826067
75.00874561514446 1.4893637075259272
12.260779944399046 0.24065713751947962
83.92632055133878 1.678282813858971
66.72007453194948 1.325080944647186
8.563436473615564 0.17931938970621744
23.32417340456554 0.46170360820728457
75.20282462550473 1.5030322244112926
3.753957419654557 0.07570599732628615
71.67635309649297 1.4391056836463336
79.40174252399176 1.5754600401673289
65.40504047246431 1.3018828973084888
33.59060063948357 0.645764719361767
49.38258689352764 1.0060388025771427
30.674752277175966 0.6272865134576104
38.69419224780648 0.759806850605109
83.34226420120841 1.6530986414678264
11.403135902913862 0.2190708424532873
46.42927848299978 0.9442350324294988
10.264915367235231 0.2077332190062123
34.638756154835455 0.6957510964956353
56.810822177766134 1.134623697680414
45.113144401085876 0.9016438776601192
20.981980455516542 0.42714795225356195
77.54062039819614 1.5418317769629026
73.18976293762971 1.4712338686487263
98.10938054658605 1.9552801713527546
10.679691261908546 0.22294587463805726
23.542902279418065 0.4730622083851814
31.09148780397694 0.6296029886210156
68.10297913304505 1.3703195720068446
71.6031636511179 1.431589529482547
53.04400377215834 1.0433628764521743
55.11095466308357 1.0960994263567716
95.30825239891543 1.9086586463418784
51.0730246647199 1.0360720328859307
5.639330965766984 0.10468803128058482
26.993578504376497 0.5476989688608564
86.058850016448 1.7331998038543017
5.196129686237979 0.10231927088115475
55.992045998123636 1.1052766340136937
44.61056054547658 0.8884261699556655
24.642529836796843 0.4846931659226916
74.19645036014343 1.498730091311086
40.24745052965532 0.8151154109363627
8.28046932824609 0.15764617543929502
21.931965295175328 0.41409795360114166
70.44901592035643 1.4089216598328915
12.836839371970198 0.2668322090356786
77.03375409518905 1.526649086014282
2.6557225874900947 0.04856707714521592
29.938862386253756 0.6039601374671019
33.819018273626554 0.6679575531017541
60.67451624366958 1.211971592951032
52.9278649587415 1.0380292446478019
74.70014734585762 1.4754341612354427
1.5465241992677856 0.013548123411630152
18.40475179781566 0.37396515597221713
32.63191068455013 0.6533572910800473
58.09295776312193 1.1637518124770392
93.28009041612405 1.8664520281986534
13.580056263664579 0.2579828753004008
93.49221408259272 1.8629554071925944
90.86417866034773 1.8142601765194015
43.57149788004002 0.8610634693779392
30.479502884786104 0.5997885074063386
99.98719407953564 2.002498647719858
38.389879936338495 0.7618434068663903
14.11598453428154 0.26514786401671675
10.629101542733869 0.21381337464793693
5.410584465182049 0.10932558219265677
21.06258269519804 0.4216724721003692
63.95827191200343 1.2699923178009684
15.605094069855593 0.29266092621882667
73.13640165804857 1.4726048954216637
40.40474738371605 0.817012851996076
38.668807304486926 0.7727495711850914
97.29569576428078 1.9399971358175763
24.73007864612443 0.4975224920103318
85.06294529937455 1.7346701879944226
14.221810146528993 0.3000992267144336
14.849388687091336 0.29469112035264944
74.314847130714 1.4956757332564934
23.251078409282638 0.47112157375819874
10.788558642648644 0.21142397237038377
11.862303266213896 0.22833291944897208
93.72994367556068 1.8785650561182246
4.471169763780415 0.08166383532626693
27.066373183325727 0.5333218475947279
91.69868661870663 1.84361146839073
69.19692011160214 1.390748672202047
13.177327658299683 0.24179132206826284
77.12425039608725 1.5408447377994754
54.821450927458706 1.0923787470873922
70.72261048716157 1.4109706187462758
38.88852070310095 0.783180438712629
22.90646733692754 0.4755827174729946
47.37081169117375 0.9491692252027489
20.03084982127976 0.4090239132880586
9.104632661822052 0.19007015488434287
63.76599669219812 1.2824850575583844
15.348126586213509 0.293303100683334
68.976884693235 1.3860211014296981
42.36392927628741 0.848752307082279
59.27644377145419 1.1872573709469982
38.80825977974403 0.7710076103709478
76.34303807845745 1.5305883880389637
48.69708959731077 0.9650617617457239
45.784935991368684 0.9167912002512261
97.29221429641207 1.9322669044104661
32.77796020734097 0.6572464722471185
47.91156205965993 0.9591775217152342
64.86569018929251 1.280074336268546
77.4826392981422 1.5619659346069699
81.06426812555591 1.6170003548490652
69.77230395673577 1.4303797494137038
12.895612374236315 0.2601168678321502
94.09023441619911 1.8864232881450667
2.866869154897479 0.05479839452883893
66.41835984503423 1.3390952304891632
46.46946395383925 0.918339935305194
75.6612812526664 1.5253018156019793
65.79887584475483 1.3143440693264763
35.97794040870738 0.7257241448566691
94.5583866872967 1.8883503056110629
26.656526249939464 0.545106200968901
86.4343176839936 1.7209905044926368
14.157963612574783 0.28834178595921445
84.96222458107033 1.6730600733450975
89.60238070739574 1.7907426067179923
3.267028634837117 0.049323071685251935
1.7457215926492977 0.037905687971227654
79.28851756171518 1.5774155036218254
88.36382683211265 1.762030174067731
32.866266413232395 0.6517936311355035
72.12357831634344 1.4172568849963052
91.11677888404806 1.8265609393762579
50.21796564297473 1.0007990710700592
30.709711219799473 0.6073839117805996
79.75854980006007 1.598480303122662
71.89658540518619 1.4500305896492207
2.772969505616536 0.04073285100879126
53.4199056850585 1.072774417069462
45.245217086088076 0.9099397886128215
59.08396163301539 1.193949224401682
6.237726547322611 0.10598000619061292
39.3921091948649 0.7896638687707854
68.5899772329125 1.3805699391822643
51.20273188313255 1.0460384279165342
1.3840949799063496 0.01806341223229318
91.54604353984531 1.82801390349291
30.504391649008546 0.6010677734884412
92.33825096832842 1.8364626314379142
13.048536454060704 0.25013675274873687
83.40368506458482 1.6641978653266025
72.37728582364096 1.4533799046949492
28.605835428572526 0.5794228290225313
75.32826396824382 1.496035101899425
51.83362842382677 1.0448407394577892
19.900545523464913 0.3950454192345381
20.96218134735329 0.42175042330336066
26.430735743880696 0.525556321510466
59.81949897747262 1.1854176308468618
92.47922779171776 1.8382869084754894
67.6660003001302 1.3485263415327864
24.28512212698147 0.49218111163110356
72.20857435116358 1.4340884853370852
56.520207875287454 1.120671121396715
73.90168446011256 1.4643254146137357
77.96012709953372 1.5414499882998334
53.80905486496908 1.0836338522942035
74.27432938673417 1.48466624913944
94.2318154704252 1.8700431970041407
17.96185914039889 0.3571113002323332
90.24671252287463 1.8039637148180723
57.24821730607326 1.1521186873397764
94.25969206882014 1.8740770423718316
3.9192475252263916 0.07709434450916546
77.98269226792743 1.559206782882038
26.95258312151824 0.5343530919823491
18.200508365046208 0.34616238644360603
45.788803527394236 0.9180028838375728
64.71232047545 1.2914137471541842
21.15184453082502 0.4116070493681942
35.085768590499995 0.7075389358571949
61.39583845691972 1.2325220259928003
69.92015091532703 1.3930088741341744
70.02616125624188 1.4216339433973286
11.401038407061202 0.2229268362774416
11.263266880662174 0.2284755030150166
3.656499911547588 0.07672926569909112
44.1498265922992 0.870501695817278
17.714507845541085 0.35436160747135775
93.38413383710242 1.8680088525349587
29.710913013671505 0.6080550758451982
72.74395651114696 1.4597628863284995
85.28916570709208 1.7003061190061448
29.81508752382581 0.616062378359534
33.03108958445734 0.6672749870556914
31.43750004489894 0.6246907236660638
47.67808737847301 0.9753398246877969
88.81721618568143 1.7699899369711785
26.32441863767106 0.5061395658886418
63.00867044614807 1.2716146357337987
31.724088195462276 0.6317362248375363
44.859473510731625 0.8912470081241164
33.51778935585039 0.6772125268712631
90.9533831295414 1.8222623927730957
30.125054861779685 0.6074636895569892
5.778545173883902 0.11128988745738011
21.157793174814547 0.4376568669548924
50.28421823806218 1.0009329484306
98.07175715277843 1.9740721877492133
63.61880247057611 1.2651179816220068
54.50853066591348 1.0944598645845591
98.85269446354928 1.9693377294670689
99.07258393246381 1.9897183141826311
42.08846652005252 0.8324379798353572
81.85447071927331 1.627110668689324
74.82679359568886 1.491426211996845
56.79813066473765 1.1516366271283855
49.41610567871661 0.9811185590470818
17.187050116513806 0.36627998433665093
34.15737983175069 0.6945869666082988
20.014570723743994 0.3863927793742504
30.861685821197447 0.6164457544758052
30.377141288357514 0.5948150084024605
26.208224751012935 0.5135425989021962
64.5222209221537 1.2984118443650465
24.558184717304666 0.49638268250268475
21.391435439522976 0.4226168749800569
50.73366176640426 1.0021731303482335
55.161075522259814 1.1168186748909679
37.83991619688418 0.7729910850038121
84.33840374778922 1.699534073490349
82.47158384615172 1.6545958108299692
45.21464182097384 0.9024486518306404
98.92976177695715 1.9618584556833678
59.99577588539212 1.1906975031356313
4.043505812522329 0.09060410347052122
11.15812483653869 0.238137857513081
49.823178116846755 0.9875213249165354
32.28717973766476 0.6503697613336133
80.30361838005506 1.6024605590495278
54.678182641569975 1.0835067776145755
27.04557066656202 0.5318266601874648
32.13470354998439 0.663042752827147
9.32220193471473 0.19224174352547438
36.60856981008343 0.7281330016829349
68.0818406256263 1.3609102455730537
63.460769444161436 1.2768844073592247
83.30789105516652 1.6852868645151706
72.53645366291963 1.4464998483089635
14.63439655825721 0.30100230746160894
35.03207833496538 0.7026459865570858
42.71489019801579 0.8561832658432705
4.231559644955178 0.0756566518014772
70.33070192472768 1.415758270387431
78.46134141524122 1.5662962877477242
5.815179957236616 0.1304761743518373
26.225858162353482 0.5203725037578082
21.111565196467566 0.4329117396933626
8.926864198508337 0.16523607397903115
25.05210410148004 0.49686091077301625
66.82666274916383 1.347295457780378
49.14463602997731 0.964731669067354
44.92920900992311 0.8966119668434097
56.447379473949944 1.12716666893134
89.87469275206175 1.780505396921671
66.81433388525214 1.3363426272472767
12.95715156375395 0.25371879102348704
7.878299436386637 0.1718726337053875
5.283245003375624 0.1259913029218906
74.39414414428781 1.4794594226301494
80.90835842113555 1.6189004902753896
57.095871360166406 1.142346921674886
3.9513783391681683 0.07392998705531384
35.15796082248869 0.699996725649013
4.495334157514192 0.0824852753351208
90.72789780810143 1.8125927992887727
63.4243614013524 1.2711950465861774
12.294585037892066 0.22316763623968916
99.13317199411009 1.989481405341109
69.16584182555906 1.3882302295230478
42.22076091621207 0.8572180782880747
78.33270545470076 1.5431368523360829
86.01202449796386 1.7311067768338346
87.27843213875548 1.7435366492417401
87.00541467412499 1.7460945206128535
73.80150023734619 1.46536803562592
17.390814673398598 0.3636458319716187
50.5380605494776 0.9976590921943281
36.16300462260324 0.7316422925818917
46.789564679285036 0.9347230137691939
93.99440050664346 1.8794433030635
84.94634961568262 1.7025232952946847
58.773040302885654 1.1860526744466955
42.45279116063154 0.8570781843679819
7.596544225697519 0.1533583227646907
2.3028632202904995 0.05754919320918189
25.946843623151917 0.5393206542509386
53.40106945746087 1.0829331780850289
7.4793418823603 0.1381468869644216
85.90519689809831 1.7134305087829962
99.90863855655007 1.9916169008208193
48.42558286138441 0.9756060970006293
63.47960112058911 1.2667636236742577
12.75258978668128 0.25837390267554383
36.05349305254377 0.7147963430828754
2.4501511892719705 0.05005848582693728
8.279532006489488 0.16855525195664212
83.64825684947171 1.6716308215382398
49.493294901573194 1.0033519519602352
17.188634490356367 0.35749931581605765
16.22026401680022 0.3376534557155573
27.500888539220604 0.5403619081866806
40.479514500716974 0.8141578018555095
84.92440820612329 1.694760227584761
77.64830191854576 1.5576189683285793
96.13685063367453 1.921770920408595
44.8886657743619 0.8918814707004781
22.793696288508922 0.45913592001670717
36.757747886412425 0.7367418472030033
28.141092788975875 0.5516938258517364
87.1089997089911 1.737538095454086
50.85782133924922 1.0082486970253883
67.84591292479777 1.3522987118255096
54.12690010259018 1.0852805313729934
75.66689226798499 1.5091023558656729
64.05169055395523 1.2935207125560995
21.77226304680889 0.43191029704273365
5.436152847408624 0.11226202447263847
15.38626586900144 0.30191514458519436
58.207131777836224 1.1636066594150147
76.66096331770181 1.5316973821857538
56.412609497077476 1.1145909022176197
87.09866015424389 1.7345018837412114
74.40787211960287 1.4888405916392213
86.92081864423413 1.743324912365747
63.150292032261625 1.2480064749975062
29.572124743295003 0.5801925215193577
46.286876878396114 0.9309167530280504
40.94390857738975 0.8174431994827017
45.41467052410735 0.9134952981492279
90.81128464602887 1.8160207215128517
21.619043850321273 0.4292140373982972
24.741245084466154 0.4918660400707768
84.51451516340234 1.6825528801680205
44.08324419438594 0.8838910074905665
83.15452784808807 1.6586542609340489
77.0490629667408 1.5279685403437058
81.06715802729178 1.625227223371877
73.22427230757098 1.4666590510194333
77.09591036591426 1.5594202794131988
28.00320043195895 0.5612069700286173
45.20943255079392 0.9101760862685611
89.54357883541333 1.7821165383414068
8.346740978368622 0.16157398986927812
20.822048057583526 0.4054088479226207
34.6284714490394 0.6787033116307606
77.58054539030853 1.5528610884157723
40.26143253848741 0.8058520116379012
59.62827982900054 1.1926656092274464
97.02740081095142 1.936971157562109
82.51433270631956 1.6667434624778004
76.27447590063538 1.528660133833148
86.30719342172763 1.7329987699378584
52.94339586410593 1.064818060602707
25.843908061038157 0.5312987110069587
67.04800712556018 1.338834304192244
12.297104307369246 0.2382394353319504
15.629407997889427 0.3059642577427833
43.659667842012006 0.8784941295090944
36.202797782038324 0.7282638470237346
27.61509055841824 0.5554354234637249
25.196692159678395 0.5064480687681769
24.60105218096748 0.5019027050955044
61.87956418038825 1.2192761875385874
94.81538499936242 1.9117817437640656
50.22037377692097 1.0132487908870897
48.753464934634806 0.950622824563645
91.87163022579662 1.8437922122527273
84.87575865044111 1.685667192502405
24.666248389500314 0.5015657214288088
20.39184486977528 0.40183486811141594
53.75443873391437 1.080356513166068
95.50421606515158 1.9081471790702105
4.6546831027755236 0.09509856635420497
25.514516418634617 0.5043736980830259
94.92101242305208 1.8851681898349257
42.77310944950754 0.8486016632405553
49.662307993358255 0.9772747963641434
74.22172596671342 1.479818207816626
44.870328688545534 0.8898841475699595
8.820148663110125 0.16843205091090016
80.67240686666034 1.6116968027271725
31.956065707482704 0.644066392717014
88.88423759702737 1.7572488934927577
88.35984477517037 1.7719311606813137
57.77310063766155 1.177133819689491
10.914154168503888 0.23838505655531828
51.21218660234316 1.0332847886196106
80.24647860827218 1.6138527376415996
12.104002601698197 0.233314131231846
85.90965234475928 1.7069062025061963
89.17989193285823 1.7851321409292484
16.12645636269898 0.3257362854873033
15.292080311868927 0.3090972149174403
75.66894261937246 1.5176580717023416
58.64205857180999 1.1774778739056613
27.03288207221424 0.5551998063115273
92.69703366042766 1.8568547785798397
20.312266557886005 0.411726028711408
9.279224077293815 0.18784907434090492
48.905770439167966 0.9745804149147652
73.96314597881072 1.4820174674407491
98.06671613175921 1.968048650950336
21.494223635115937 0.42973653219258695
84.28924579433043 1.681727712250167
95.48518540685427 1.9047975186086459
33.59140975634327 0.6827341546197522
61.13695617260993 1.2051521054095748
7.678709087216996 0.18128442955974142
11.850211587335968 0.24240869069580762
67.08964556473518 1.3532050588121034
39.25583065510881 0.7818876007133196
22.65104947836086 0.4623499649340968
98.8453291791759 1.9710113571033356
75.53002900727084 1.5192525157852845
32.703433481533 0.6520438298267057
81.89952865747527 1.6447753864482102
86.1149732683826 1.7252478030654053
7.731559220310893 0.16388665017903487
57.845499355684055 1.1687267160056862
53.69403219000836 1.0836712077149355
49.758341035294194 0.9890977895887841
31.74885973367759 0.6486302729932603
79.71255954311184 1.593462804308448
10.868752431157185 0.21043801550233984
6.106078973808695 0.12926056404525477
30.579152701921345 0.6194868717726785
47.19778402579361 0.956052617737433
44.43126451119287 0.8664121579771209
99.07697120590767 1.9781693027816165
5.23105922618471 0.11157521055572388
63.08398392555424 1.255817443629751
26.2157330299611 0.525645638825041
29.154174129848585 0.5795601185675963
70.83486188627204 1.4326134555600836
75.1851031392028 1.5021548979791937
97.14336091173794 1.9534173383027094
6.823163358832801 0.1315930375138559
11.621962794428487 0.2217627884905491
56.16331149975927 1.1218722322157773
97.00217177549708 1.9465314432384888
94.54882150828257 1.886394270655463
2.343757498372395 0.05071753321696655
19.811436695977427 0.390508614065044
73.04917575998333 1.464183779064749
75.25618256681253 1.5085311027872423
47.34076042954309 0.9394230434664986
40.11508771351227 0.8139314297243796
71.19814224170362 1.434548401995353
41.897524846321346 0.8330010719306018
26.66579412211718 0.5462488772241659
98.80875335239367 1.9699867696817508
8.412506698167332 0.17395497744941762
36.138290492127204 0.7180255717892178
96.31398212377698 1.9041704182552517
32.897974497457 0.664760678200013
36.19123198738423 0.7346880664767883
85.24304472208723 1.704043835260543
35.098831894782855 0.6989050877626055
60.52628273213679 1.2267227669519984
4.728980552276223 0.09754354074804276
37.194931595611614 0.747402898163354
47.89139681902209 0.949085124407257
84.6263048006238 1.6919879957250055
6.841319475523905 0.12844274857119872
19.47233037806662 0.3900577730807888
46.312539274439466 0.932911533575702
97.38513163058559 1.937404606023337
12.965176288509076 0.26332115275721424
32.238968220558846 0.6465541830671151
80.11997384624844 1.6004771342124122
28.836479689517095 0.5736278498526017
57.10804308970934 1.1427257228749292
71.55204769857896 1.4407281061382946
48.71534039979487 0.9748518105022398
76.35695714804851 1.5334970225442854
65.63123528351503 1.322993685362764
73.75942714238516 1.4870496306129906
95.30366854591283 1.907774858301807
80.90994701571272 1.6183584683671353
13.590219619440461 0.272690759577303
39.432892321758224 0.7973092441159382
2.415256922516562 0.043226026165474746
11.264614032368796 0.22226983094723593
66.76576739775746 1.3323929622999515
55.80105147096384 1.110009061041234
1.5074711589145844 0.026807538013025402
18.88895867014444 0.38028312597887753
54.36392977433645 1.0797514712742489
60.00523060627512 1.204317249432602
28.58831984219116 0.5687158738617518
35.451093313806524 0.6933609642260699
63.58959924757009 1.2890047698943832
10.139068107450267 0.20650300060337914
77.44501781853074 1.5433741001642058
33.96100976415446 0.688984200779881
57.098938644247 1.137100459633901
47.282240167780905 0.9232724685754107
66.73539368256228 1.3341499042567428
84.8000957022231 1.696348570140845
39.17411773726287 0.7852594663720579
76.40666714184889 1.5231761893889855
62.42004500610128 1.2448014676290005
76.64773075011166 1.5173032187397215
63.066741525569164 1.2668522928701997
89.53532014558785 1.7852708395846888
69.56651226990436 1.3867751813047997
47.813070277669944 0.9464147745635586
33.1761740577413 0.6674189512178977
26.807707879077636 0.53909145173429
70.56140566450065 1.4173020134229197
83.38862714842006 1.6579778687112092
26.18555257748999 0.5308074904054895
23.923365481898134 0.4766232069107218
65.24773587409736 1.3032360072618787
11.004057395596313 0.2337782113282304
52.36491991613841 1.0502729025887296
55.229361983774794 1.0991662266434505
67.18264425317028 1.3573747814115948
86.56024709434428 1.729357238216543
33.95239774477619 0.7052824201450585
94.65151629643306 1.8955824585113719
73.66194042533705 1.488680297788084
18.832152901602672 0.3750706174174797
58.982335639995966 1.1849564506522106
56.0176323117894 1.1258806065005762
39.593744824728 0.7985148003616485
79.01330724491001 1.5842657342124238
87.6413036468146 1.7589731964696482
56.11061465261101 1.1102912561478182
24.524002906653056 0.49307909662975735
58.75431135843779 1.1781984296999095
93.47730035954179 1.8476982973216198
43.964674276166974 0.872736922958019
4.16269167791379 0.09751615585755487
72.19473749895806 1.4268647469339137
53.37119556022533 1.0461971069823288
89.39973517128573 1.7987536752110405
10.065990137364173 0.1846908156172195
27.379317597025018 0.5581753276412231
97.09029724413537 1.9251557231323577
82.47584424137887 1.6568944386812283
24.34252439782898 0.49188423851831525
72.17892899759744 1.4540146014685067
8.689982882058647 0.17851678935396662
14.658513424312861 0.29733642108981184
26.251787647809792 0.5428801306547487
49.030140277233656 0.9864927605836199
69.88824735246247 1.4008224995694694
18.917137001256357 0.3815384975870491
75.45005822602907 1.4999072581546748
65.23279201731894 1.3253297116737357
78.9031720280817 1.5848116043433425
97.3310790061452 1.951420119275707
61.7616799197613 1.2334720749364811
23.16701010386467 0.47216292928142023
6.891516502575561 0.15359491017976992
62.38428627640105 1.2443458451046294
43.61745525085145 0.8781260294228378
28.5050859871047 0.5763280647607248
69.62157489514297 1.380040386250327
38.13113715119216 0.7541968946267923
14.455792317777801 0.2809820843516893
41.06723274318669 0.83032286802266
12.242516876129379 0.2549336384504818
60.974415875505684 1.2349946614985268
31.30721234481073 0.6093566099169915
76.47878171211595 1.5323776022430162
76.8881582364267 1.5443134271153771
24.66097264438518 0.5007831084848099
68.42304910831469 1.3803358261710912
17.24154850971427 0.3332307408645797
38.86111359258478 0.7724902971097011
32.72423455905169 0.6353248787085618
71.17163191624944 1.4244838212349697
41.3467909054162 0.8247691037200848
79.81647982086717 1.5972957035800488
94.86257896490893 1.9009837404125225
35.24272089834082 0.7051144303173398
76.84679230404038 1.5478920977957125
27.98845485644906 0.5610904660809957
61.32357184605718 1.2303100008335386
41.051451456630915 0.8045796168582626
66.01466814536423 1.3303957051184852
86.13546854158918 1.7354617720589114
70.74670489494751 1.4057400264073148
39.733908893260335 0.8020520652357219
90.45196133627705 1.8114455562703367
79.77678431003312 1.6107248177301488
10.124091030047424 0.20041938707346263
81.72207835778609 1.6335244372746132
80.48469519855051 1.6071197562366084
21.63704555214381 0.44619097984535017
5.4007073832475525 0.11769572571237503
51.172476152721785 1.0274135044860258
7.9314981099317645 0.15160815707749895
45.63108285840732 0.9097749470689899
31.9649096099771 0.6285492525281002
90.56495000454858 1.8299150699170563
60.346858580941024 1.204445477510578
59.53119194833384 1.1938117918979663
22.359841695816396 0.4396203632705754
80.11934950021698 1.5906955053932195
54.95291136048243 1.1149842147660671
55.175073061422374 1.0960597896549455
14.887805740501706 0.3020835281859951
13.372078325519592 0.28985045576788737
23.87046694291843 0.4786833269016919
34.87574576035901 0.6991530548626912
55.56878601414834 1.114697445883368
94.80553234804223 1.9046100509561188
86.7981548065127 1.7512019037276827
21.31438131821429 0.42866415849616035
40.267644305590565 0.8164888257993766
83.49282799321934 1.6909993703719697
40.89773817602176 0.791011432393738
72.0972493160815 1.4635785990201977
25.49556876533217 0.5065389647624691
14.610622613899451 0.27254910690288786
88.95814398057801 1.7780142249907704
78.81022506818505 1.575553215347982
21.234712378972617 0.4319233407701948
60.660633515058855 1.215593272165354
96.20914716386403 1.9419886236363455
77.51653872792218 1.553937750117502
61.68770039776699 1.2424876329814087
34.694845195130355 0.7056424846133692
62.93372125477627 1.2494419013917717
36.97749278929962 0.7315248394420671
12.025040946790034 0.23418478448106952
38.398255169606614 0.7770636064711457
70.03952218300378 1.4027632308837057
85.28911837712185 1.712746316900301
91.14918092957352 1.8056946499381994
16.833741389721574 0.3339718264239016
45.11156516799625 0.8919948118792836
64.17089898674773 1.286442545591256
56.140986303904775 1.1242672534388247
63.46092852775885 1.2533115974345905
76.55746353312443 1.525040693682161
57.26914711998359 1.1415072699941347
58.74502433859021 1.1844502523752982
73.19281732440574 1.480643179731851
99.74256420263906 1.9815356525051397
1.060961219538328 0.013163582299264488
80.45045353445559 1.6199430322548585
14.270760752076615 0.272424771892885
7.899934076910837 0.15357460649416504
71.4867311964044 1.419544601087232
25.031209727251497 0.5011943114618809
74.8630241642207 1.4893744544689547
63.1762865392965 1.2573104189473432
9.458913261108947 0.1863743581368163
90.41455285395143 1.8210157510572818
17.690257967548067 0.3618765340151743
45.170447610829115 0.8928308251755573
85.35466839303072 1.7121179438622673
32.53960208946809 0.6614200564198296
53.92371416666882 1.0758480645237365
61.59155256677656 1.2492012589330561
66.50410996809 1.323652883719355
82.53554484826009 1.6451586343463076
81.08745322204229 1.620068974999629
97.9549779905357 1.9597620733507475
95.51294028194907 1.9103030960494392
40.11939541950867 0.8010092637417183
12.739696072218761 0.2668979171125413
65.89294731356789 1.3081072530190756
90.84221909047295 1.8164552115691641
65.7509655649131 1.3066949137376387
84.5956177729999 1.701347623129126
53.6670110735981 1.0673839232069684
51.88374144324722 1.0365189888628203
89.61272986351314 1.7875211461325746
66.579404195538 1.3189892539208816
64.61214034691179 1.3009197264541787
13.44116909454316 0.2846324314365093
63.94904719926217 1.2881135696651234
68.24181896627374 1.3654009161830611
88.49579182116669 1.758836207008978
72.59642670084374 1.4282125206013292
77.5876272645731 1.5664172920296644
52.645424194983185 1.0671881763127224
53.810431456394475 1.0856432302082986
93.63069038874718 1.8914862986641479
92.39545149100812 1.8463914143670621
80.56713943371284 1.613503110047326
86.68290887940637 1.7242372190880901
65.93670256715579 1.3039511301621796
42.75365567781246 0.8510789248751421
75.62083430398708 1.495003029407898
25.823623819611797 0.501779489355295
97.61255940613603 1.955607834345849
92.89349728833047 1.8519273733225345
3.9692801837710854 0.07662320122488425
79.86275420493322 1.6031930552141627
85.05321200695819 1.7011276777283186
38.82425795186978 0.775726778136086
49.14096669136102 1.0024639271611018
88.21641577404942 1.7570916097466203
9.788012046560292 0.20128922899854584
38.45120617384723 0.7849773249799035
29.640011321766035 0.5681665357129333
98.21927028266842 1.9639392059326455
17.95896687607418 0.3506678251336825
74.79365194066987 1.496895978299041
10.747282280400329 0.2346096146473221
96.40441922936118 1.933679049076139
58.01000112303923 1.1634129589627562
25.844407143035376 0.5289919143501539
27.264236473908365 0.5383323817641837
32.43108202070378 0.636096452391725
76.30889268387257 1.5180174692019026
38.576088548328386 0.778169597946014
41.43769869416483 0.8385289936009905
14.777314335334001 0.2972673921638018
5.260048467543653 0.0966071913661293
67.02297891071241 1.3349859198577436
29.05904510432205 0.5894844053194492
61.66959573052016 1.2255078595856264
90.76766815669083 1.801760753399442
7.798930402145335 0.15681085940033856
84.58571895967087 1.6865575972428812
69.96303809605143 1.4228490905171964
5.312165982331717 0.10679564222085326
86.45951746547418 1.7360670550170931
31.655384972511307 0.6405328781589904
76.45202246309927 1.5373613863216595
87.60160524702027 1.7462534153739209
94.91965165077288 1.9059054227357168
2.5433221651805167 0.05671816561393424
59.00784952653064 1.172319511434532
8.340613746214192 0.17064091393612835
71.18848251902496 1.428307757828143
71.09232241217404 1.4225932551705258
21.188714999733723 0.4407420551713141
78.05902944747797 1.5703042918672365
1.0177721965182918 0.028581684000850205
9.39232922618595 0.1988543835146474
65.06400098775484 1.3055432320734384
24.400122260315023 0.4756405884597188
62.19326684063766 1.2504119325497716
80.96819268219348 1.6129743311722067
6.872625941895162 0.15067225270601423
56.459662314679676 1.1335963141002776
48.012332602285 0.9604104969940429
85.80531656429326 1.7128683276156316
89.88672401123529 1.7787052686838898
95.90019709319881 1.9190726603959998
19.49090307464662 0.38170425529103713
86.94540552563342 1.73701536497554
90.67042342793034 1.8199904158602234
36.50822400469944 0.7203428497912949
8.983297919847253 0.17774462288482773
85.2347748880836 1.7191090751148908
50.53988281731789 1.003608871599561
69.61017735422075 1.387576259284932
77.10559520761943 1.5590507707572459
25.126574315858456 0.5236476609423472
64.53505469698744 1.2933344443095847
99.12015622186875 1.976012380237625
47.83364298248679 0.9448632407166967
23.23589311328332 0.46639007220030615
77.1504417629451 1.5481474964875372
26.819410092449083 0.5143215060253177
20.709331267626556 0.4159311573377422
82.49309360418269 1.6563559871604245
4.702923366980658 0.10450451594923214
9.823599556409762 0.18926932538593294
28.484945892356382 0.5687192216831494
25.878828467720172 0.5146723303381932
9.174840200553925 0.18699742262494176
94.20120658475479 1.8879799076713535
64.70157762845233 1.2784010898267872
78.29208095921534 1.5587718840858773
73.9638536637352 1.4818555620843694
50.34707686625203 1.0035589981744915
75.62382606638637 1.5086738139884606
73.72243836090294 1.4850940764927119
85.97388965898291 1.7166535008119346
82.48156311819 1.6468893476372344
66.22622362361655 1.3497189796221774
37.70398498692517 0.7554310905672051
4.680918906230952 0.09187645851124046
52.831605089067935 1.0670093738608517
55.535832967902856 1.104300443714021
57.74099467302868 1.147284975543975
40.871480321390386 0.8332670841022964
61.702724424408274 1.2403438414955832
21.8807598748203 0.44352986296582486
47.22945214665897 0.9401272343011072
42.153981115861306 0.860038084991262
30.013325868299702 0.5845663980366949
78.47627819964819 1.5699894127709444
6.439639075325719 0.14503705843703146
26.725021596806464 0.5416894728712819
66.77732725663118 1.3360997809870714
43.90670865390758 0.8903088757296851
24.5717456640579 0.48529430200273066
27.694823849120397 0.5554628011793361
65.90022284310908 1.3474174653983295
94.88242945342002 1.9091576133635775
6.142314721234281 0.1396484387292551
88.71564497383784 1.7653008868553186
40.13081974733747 0.8039945932914274
16.368807454576178 0.33732072706552485
62.28095927372578 1.2284009182908322
12.105607580657248 0.24108486625118597
29.88922091328417 0.5959999806507015
70.71361623217662 1.4243315654945758
54.53404948454337 1.0877470123912132
83.54362277846958 1.6694947630081607
75.60563454330733 1.518904748098716
42.85623406440256 0.8683532436766834
81.40415600663086 1.628420732691839
99.50773784502923 1.9873429028517056
34.902311084329334 0.6888224967026694
41.60678519890732 0.837090893158911
51.36945385050373 1.0199074032935866
88.42175304820783 1.7882264627195061
61.707394662500576 1.2266426615436758
5.00790852515543 0.11244849177211091
74.06337203833057 1.4866716173296717
46.537792657828064 0.9376775395800532
55.27306340653495 1.101435056372691
97.5787262848892 1.942817552757675
23.098405164918336 0.4573452598295537
92.95883613077034 1.858230728395945
24.13458134445579 0.47251541367311484
25.24663300564641 0.4994926991179586
73.50478077510085 1.4788475811751272
30.97728946467137 0.6037239050612456
77.73872159110721 1.556423629708975
36.53551889588031 0.7395119665764252
99.3240548394024 1.984118147323637
77.37491289523915 1.5616349781001047
61.16714166877258 1.2295583351898223
4.427833017141862 0.0876107696052186
82.34084752987218 1.640031896352507
5.651363095710229 0.10863822905471297
48.6944725335552 0.9713514001655921
21.47694182686572 0.4247581971885423
39.24271724914271 0.7903481188264118
3.795960048415772 0.0853425303093574
93.32463771120939 1.860147467819239
20.396632854668294 0.39791055877296794
89.87112047831396 1.815369513427669
